 fem-3d1.dat: simple conduction in four hexahedral elements - use FEM-3D
        18   4  8   50  25  0
         2  .10  1.00
         1   0.00      0.00      2.00
         2   1.00      0.00      2.00
         3   1.00      1.00      2.00
         4   0.00      1.00      2.00
         5   0.00      0.00      1.00
         6   1.00      0.00      1.00
         7   1.00      1.00      1.00
         8   0.00      1.00      1.00
         9   0.00      0.00      0.00
        10   1.00      0.00      0.00
        11   1.00      1.00      0.00
        12   0.00      1.00      0.00
        13   2.00      0.00      2.00
        14   2.00      1.00      2.00
        15   2.00      0.00      1.00
        16   2.00      1.00      1.00
        17   2.00      0.00      0.00
        18   2.00      1.00      0.00
    1     .00   15.00   15.00   15.00    1  2  3  4  5  6  7  8
    2     .00   15.00   15.00   15.00    5  6  7  8  9 10 11 12
    3     .00   15.00   15.00   15.00    2 13 14  3  6 15 16  7
    4     .00   15.00   15.00   15.00    6 15 16  7 10 17 18 11
              1      100.00
              2      100.00
              3      100.00
              4      100.00
             13      100.00
             14      100.00
              9        0.00
             10        0.00
             11        0.00
             12        0.00
             17        0.00
             18        0.00
      DIRC
      FLUX
      CONV
      VELC
