 fem-3d2.dat: flux transport in four hexahedral elements - use FEM-3D
        18   4  8  250 125  0
         2  .10  1.00
         1   0.00      0.00      2.00
         2   1.00      0.00      2.00
         3   1.00      1.00      2.00
         4   0.00      1.00      2.00
         5   0.00      0.00      1.00
         6   1.00      0.00      1.00
         7   1.00      1.00      1.00
         8   0.00      1.00      1.00
         9   0.00      0.00      0.00
        10   1.00      0.00      0.00
        11   1.00      1.00      0.00
        12   0.00      1.00      0.00
        13   2.00      0.00      2.00
        14   2.00      1.00      2.00
        15   2.00      0.00      1.00
        16   2.00      1.00      1.00
        17   2.00      0.00      0.00
        18   2.00      1.00      0.00
    1     .00    1.00    1.00    1.00    1  2  3  4  5  6  7  8
    2     .00    1.00    1.00    1.00    5  6  7  8  9 10 11 12
    3     .00    1.00    1.00    1.00    2 13 14  3  6 15 16  7
    4     .00    1.00    1.00    1.00    6 15 16  7 10 17 18 11
              9       10.00
             10       10.00
             11       10.00
             12       10.00
             17       10.00
             18       10.00
      DIRC
            -1.0        1    1
            -1.0        3    1
      FLUX
      CONV
      VELC
