 fem-3d3.dat: convection at one end of a 4 element mesh - use FEM-3D
        18   4  8  150  75  0
         2  .10  1.00
         1   0.00      0.00      2.00
         2   1.00      0.00      2.00
         3   1.00      1.00      2.00
         4   0.00      1.00      2.00
         5   0.00      0.00      1.00
         6   1.00      0.00      1.00
         7   1.00      1.00      1.00
         8   0.00      1.00      1.00
         9   0.00      0.00      0.00
        10   1.00      0.00      0.00
        11   1.00      1.00      0.00
        12   0.00      1.00      0.00
        13   2.00      0.00      2.00
        14   2.00      1.00      2.00
        15   2.00      0.00      1.00
        16   2.00      1.00      1.00
        17   2.00      0.00      0.00
        18   2.00      1.00      0.00
    1     .00   15.00   15.00   15.00    1  2  3  4  5  6  7  8
    2     .00   15.00   15.00   15.00    5  6  7  8  9 10 11 12
    3     .00   15.00   15.00   15.00    2 13 14  3  6 15 16  7
    4     .00   15.00   15.00   15.00    6 15 16  7 10 17 18 11
              1     1000.00
              2     1000.00
              3     1000.00
              4     1000.00
             13     1000.00
             14     1000.00
      DIRC
      FLUX
           120.0    1500.0        2    3
           120.0    1500.0        4    3
      CONV
      VELC
