tet1.dat: 3-D conduction problem for fem-3dt.for
   12  10  4  50  25
    2  .10  1.00  1.0  0.0  0.0
       1     0.0     1.0     2.0
       2     1.0     1.0     2.0
       3     0.0     0.0     2.0
       4     1.0     0.0     2.0
       5     0.0     1.0     1.0
       6     1.0     1.0     1.0
       7     0.0     0.0     1.0
       8     1.0     0.0     1.0
       9     0.0     1.0     0.0
      10     1.0     1.0     0.0
      11     0.0     0.0     0.0
      12     1.0     0.0     0.0
   1   0.0  15.00  15.00  15.00  1.0   5   6   1   7
   2   0.0  15.00  15.00  15.00  1.0   8   7   4   6
   3   0.0  15.00  15.00  15.00  1.0   2   1   6   4
   4   0.0  15.00  15.00  15.00  1.0   3   4   7   1
   5   0.0  15.00  15.00  15.00  1.0   1   7   6   4
   6   0.0  15.00  15.00  15.00  1.0   5   9   6   7
   7   0.0  15.00  15.00  15.00  1.0  11   7  12   9
   8   0.0  15.00  15.00  15.00  1.0  10   6   9  12
   9   0.0  15.00  15.00  15.00  1.0   8  12   7   6
  10   0.0  15.00  15.00  15.00  1.0   9  12   6   7
              1      100.00
              2      100.00
              3      100.00
              4      100.00
              9        0.00
             10        0.00
             11        0.00
             12        0.00
      DIRC
      FLUX
      CONV
      RADI
