tet2.dat: 2-D conduction problem for fem-3dt.for
   12  12  3  50  25
    2  .10  1.00  1.0  0.0  0.0
       1     0.0     0.0     0.0
       2     0.3333  0.0     0.0
       3     0.6667  0.0     0.0
       4     1.0     0.0     0.0
       5     0.0     0.5     0.0
       6     0.3333  0.5     0.0
       7     0.6667  0.5     0.0
       8     1.0     0.5     0.0
       9     0.0     1.0     0.0
      10     0.3333  1.0     0.0
      11     0.6667  1.0     0.0
      12     1.0     1.0     0.0
   1   0.0  15.00  15.00   0.00  1.0   1   6   5
   2   0.0  15.00  15.00   0.00  1.0   1   2   6
   3   0.0  15.00  15.00   0.00  1.0   2   7   6
   4   0.0  15.00  15.00   0.00  1.0   2   3   7
   5   0.0  15.00  15.00   0.00  1.0   3   8   7
   6   0.0  15.00  15.00   0.00  1.0   3   4   8
   7   0.0  15.00  15.00   0.00  1.0   5  10   9
   8   0.0  15.00  15.00   0.00  1.0   5   6  10
   9   0.0  15.00  15.00   0.00  1.0   6  11  10
  10   0.0  15.00  15.00   0.00  1.0   6   7  11
  11   0.0  15.00  15.00   0.00  1.0   7  12  11
  12   0.0  15.00  15.00   0.00  1.0   7   8  12
              1      100.00
              5      100.00
              9      100.00
              4        0.00
              8        0.00
             12        0.00
      DIRC
      FLUX
      CONV
      RADI
