tet4.dat: 2-D convection problem for fem-3dt.for
   12  12  3  50  25
    2  .10  1.00   1.0     0.0    0.0
       1     0.0     0.0     0.0
       2     0.0     0.5     0.0
       3     0.0     1.0     0.0
       4     0.333   0.0     0.0
       5     0.333   0.5     0.0
       6     0.333   1.0     0.0
       7     0.667   0.0     0.0
       8     0.667   0.5     0.0
       9     0.667   1.0     0.0
      10     1.0     0.0     0.0
      11     1.0     0.5     0.0
      12     1.0     1.0     0.0
   1  0.0  15.00 15.00 0.00  1.0000    1  4  5
   2  0.0  15.00 15.00 0.00  1.0000    1  5  2
   3  0.0  15.00 15.00 0.00  1.0000    2  5  6
   4  0.0  15.00 15.00 0.00  1.0000    2  6  3
   5  0.0  15.00 15.00 0.00  1.0000    4  7  8
   6  0.0  15.00 15.00 0.00  1.0000    4  8  5
   7  0.0  15.00 15.00 0.00  1.0000    5  8  9
   8  0.0  15.00 15.00 0.00  1.0000    5  9  6
   9  0.0  15.00 15.00 0.00  1.0000    7 10 11
  10  0.0  15.00 15.00 0.00  1.0000    7 11  8
  11  0.0  15.00 15.00 0.00  1.0000    8 11 12
  12  0.0  15.00 15.00 0.00  1.0000    8 12  9
              1     1000.00
              2     1000.00
              3     1000.00
      DIRC
      FLUX
           120.0    1500.0        3    6
           120.0    1500.0        6    9
           120.0    1500.0        9   12
           120.0    1500.0       12   11
           120.0    1500.0       11   10
           120.0    1500.0        1    4
           120.0    1500.0        4    7
           120.0    1500.0        7   10
      CONV
      RADI
