  Example 5.4
  1  2  8   1  8  100  50  0
  2  .10  1.00 0.00  1.0   1.0  0
         1   0.00000   0.00000
         2   0.50000   0.00000
         3   1.00000   0.00000
         4   1.00000   0.50000
         5   1.00000   1.00000
         6   0.50000   1.00000
         7   0.00000   1.00000
         8   0.00000   0.50000
  1    1.00   1.00   1.00     1    2    3    4   5    6    7    8
              1      100.00
              7      100.00
              8      100.00
      DIRC
      FLUX
            10.00    150.00       1    3
      CONV
      VELC
