 Example 5.3
  1  2   6   2   4  10   5  0
  2  .10  1.00 0.00  1.0  1.0  0
         1   0.00000   0.00000
         2   0.00000   1.00000
         3   1.00000   0.00000
         4   1.00000   1.00000
         5   2.00000   0.00000
         6   2.00000   1.00000
  1     .00    1.00    1.00     1    3    4    2
  2     .00    1.00    1.00     3    5    6    4
              1       10.00
              2       10.00
      DIRC
      FLUX
            10.00     20.0        2    3
      CONV
      VELC
