  Example 9.2   
    1   2  121  100   4  5000   500    1
    2   0.100  1.0000  0.0000  1.0000  1.0000    0
         1         .000 1000.00
         2      100.000 1000.00
         3      200.000 1000.00
         4      300.000 1000.00
         5      400.000 1000.00
         6      500.000 1000.00
         7      600.000 1000.00
         8      700.000 1000.00
         9      800.000 1000.00
        10      900.000 1000.00
        11     1000.000 1000.00
        12         .000 900.000
        13      100.000 900.000
        14      200.000 900.000
        15      300.000 900.000
        16      400.000 900.000
        17      500.000 900.000
        18      600.000 900.000
        19      700.000 900.000
        20      800.000 900.000
        21      900.000 900.000
        22     1000.000 900.000
        23         .000 800.000
        24      100.000 800.000
        25      200.000 800.000
        26      300.000 800.000
        27      400.000 800.000
        28      500.000 800.000
        29      600.000 800.000
        30      700.000 800.000
        31      800.000 800.000
        32      900.000 800.000
        33     1000.000 800.000
        34         .000 700.000
        35      100.000 700.000
        36      200.000 700.000
        37      300.000 700.000
        38      400.000 700.000
        39      500.000 700.000
        40      600.000 700.000
        41      700.000 700.000
        42      800.000 700.000
        43      900.000 700.000
        44     1000.000 700.000
        45         .000 600.000
        46      100.000 600.000
        47      200.000 600.000
        48      300.000 600.000
        49      400.000 600.000
        50      500.000 600.000
        51      600.000 600.000
        52      700.000 600.000
        53      800.000 600.000
        54      900.000 600.000
        55     1000.000 600.000
        56         .000 500.000
        57      100.000 500.000
        58      200.000 500.000
        59      300.000 500.000
        60      400.000 500.000
        61      500.000 500.000
        62      600.000 500.000
        63      700.000 500.000
        64      800.000 500.000
        65      900.000 500.000
        66     1000.000 500.000
        67         .000 400.000
        68      100.000 400.000
        69      200.000 400.000
        70      300.000 400.000
        71      400.000 400.000
        72      500.000 400.000
        73      600.000 400.000
        74      700.000 400.000
        75      800.000 400.000
        76      900.000 400.000
        77     1000.000 400.000
        78         .000 300.000
        79      100.000 300.000
        80      200.000 300.000
        81      300.000 300.000
        82      400.000 300.000
        83      500.000 300.000
        84      600.000 300.000
        85      700.000 300.000
        86      800.000 300.000
        87      900.000 300.000
        88     1000.000 300.000
        89         .000 200.000
        90      100.000 200.000
        91      200.000 200.000
        92      300.000 200.000
        93      400.000 200.000
        94      500.000 200.000
        95      600.000 200.000
        96      700.000 200.000
        97      800.000 200.000
        98      900.000 200.000
        99     1000.000 200.000
       100         .000 100.000
       101      100.000 100.000
       102      200.000 100.000
       103      300.000 100.000
       104      400.000 100.000
       105      500.000 100.000
       106      600.000 100.000
       107      700.000 100.000
       108      800.000 100.000
       109      900.000 100.000
       110     1000.000 100.000
       111         .000    .000
       112      100.000    .000
       113      200.000    .000
       114      300.000    .000
       115      400.000    .000
       116      500.000    .000
       117      600.000    .000
       118      700.000    .000
       119      800.000    .000
       120      900.000    .000
       121     1000.000    .000
    1     .000  10.000  10.000     12   13    2    1
    2     .000  10.000  10.000     13   14    3    2
    3     .000  10.000  10.000     14   15    4    3
    4     .000  10.000  10.000     15   16    5    4
    5     .000  10.000  10.000     16   17    6    5
    6     .000  10.000  10.000     17   18    7    6
    7     .000  10.000  10.000     18   19    8    7
    8     .000  10.000  10.000     19   20    9    8
    9     .000  10.000  10.000     20   21   10    9
   10     .000  10.000  10.000     21   22   11   10
   11     .000  10.000  10.000     23   24   13   12
   12     .000  10.000  10.000     24   25   14   13
   13     .000  10.000  10.000     25   26   15   14
   14     .000  10.000  10.000     26   27   16   15
   15     .000  10.000  10.000     27   28   17   16
   16     .000  10.000  10.000     28   29   18   17
   17     .000  10.000  10.000     29   30   19   18
   18     .000  10.000  10.000     30   31   20   19
   19     .000  10.000  10.000     31   32   21   20
   20     .000  10.000  10.000     32   33   22   21
   21     .000  10.000  10.000     34   35   24   23
   22     .000  10.000  10.000     35   36   25   24
   23     .000  10.000  10.000     36   37   26   25
   24     .000  10.000  10.000     37   38   27   26
   25     .000  10.000  10.000     38   39   28   27
   26     .000  10.000  10.000     39   40   29   28
   27     .000  10.000  10.000     40   41   30   29
   28     .000  10.000  10.000     41   42   31   30
   29     .000  10.000  10.000     42   43   32   31
   30     .000  10.000  10.000     43   44   33   32
   31     .000  10.000  10.000     45   46   35   34
   32     .000  10.000  10.000     46   47   36   35
   33     .000  10.000  10.000     47   48   37   36
   34     .000  10.000  10.000     48   49   38   37
   35     .000  10.000  10.000     49   50   39   38
   36     .000  10.000  10.000     50   51   40   39
   37     .000  10.000  10.000     51   52   41   40
   38     .000  10.000  10.000     52   53   42   41
   39     .000  10.000  10.000     53   54   43   42
   40     .000  10.000  10.000     54   55   44   43
   41     .000  10.000  10.000     56   57   46   45
   42     .000  10.000  10.000     57   58   47   46
   43     .000  10.000  10.000     58   59   48   47
   44     .000  10.000  10.000     59   60   49   48
   45     .000  10.000  10.000     60   61   50   49
   46     .000  10.000  10.000     61   62   51   50
   47     .000  10.000  10.000     62   63   52   51
   48     .000  10.000  10.000     63   64   53   52
   49     .000  10.000  10.000     64   65   54   53
   50     .000  10.000  10.000     65   66   55   54
   51     .000  10.000  10.000     67   68   57   56
   52     .000  10.000  10.000     68   69   58   57
   53     .000  10.000  10.000     69   70   59   58
   54     .000  10.000  10.000     70   71   60   59
   55     .000  10.000  10.000     71   72   61   60
   56     .000  10.000  10.000     72   73   62   61
   57     .000  10.000  10.000     73   74   63   62
   58     .000  10.000  10.000     74   75   64   63
   59     .000  10.000  10.000     75   76   65   64
   60     .000  10.000  10.000     76   77   66   65
   61     .000  10.000  10.000     78   79   68   67
   62     .000  10.000  10.000     79   80   69   68
   63     .000  10.000  10.000     80   81   70   69
   64     .000  10.000  10.000     81   82   71   70
   65     .000  10.000  10.000     82   83   72   71
   66     .000  10.000  10.000     83   84   73   72
   67     .000  10.000  10.000     84   85   74   73
   68     .000  10.000  10.000     85   86   75   74
   69     .000  10.000  10.000     86   87   76   75
   70     .000  10.000  10.000     87   88   77   76
   71    1.000  10.000  10.000     89   90   79   78
   72    1.000  10.000  10.000     90   91   80   79
   73     .000  10.000  10.000     91   92   81   80
   74     .000  10.000  10.000     92   93   82   81
   75     .000  10.000  10.000     93   94   83   82
   76     .000  10.000  10.000     94   95   84   83
   77     .000  10.000  10.000     95   96   85   84
   78     .000  10.000  10.000     96   97   86   85
   79     .000  10.000  10.000     97   98   87   86
   80     .000  10.000  10.000     98   99   88   87
   81    1.000  10.000  10.000    100  101   90   89
   82    1.000  10.000  10.000    101  102   91   90
   83     .000  10.000  10.000    102  103   92   91
   84     .000  10.000  10.000    103  104   93   92
   85     .000  10.000  10.000    104  105   94   93
   86     .000  10.000  10.000    105  106   95   94
   87     .000  10.000  10.000    106  107   96   95
   88     .000  10.000  10.000    107  108   97   96
   89     .000  10.000  10.000    108  109   98   97
   90     .000  10.000  10.000    109  110   99   98
   91    1.000  10.000  10.000    111  112  101  100
   92    1.000  10.000  10.000    112  113  102  101
   93     .000  10.000  10.000    113  114  103  102
   94     .000  10.000  10.000    114  115  104  103
   95     .000  10.000  10.000    115  116  105  104
   96     .000  10.000  10.000    116  117  106  105
   97     .000  10.000  10.000    117  118  107  106
   98     .000  10.000  10.000    118  119  108  107
   99     .000  10.000  10.000    119  120  109  108
  100     .000  10.000  10.000    120  121  110  109
            111         .00000
            112         .00000
            113         .00000
            114         .00000
            115         .00000
            116         .00000
            117         .00000
            118         .00000
            119         .00000
            120         .00000
            121         .00000
              1         .00000
             12         .00000
             23         .00000
             34         .00000
             45         .00000
             56         .00000
             67         .00000
             78         .00000
             89         .00000
            100         .00000
      DIRC
      FLUX
      CONV
              1        1.0       1.0
              2        1.0       1.0
              3        1.0       1.0
              4        1.0       1.0
              5        1.0       1.0
              6        1.0       1.0
              7        1.0       1.0
              8        1.0       1.0
              9        1.0       1.0
             10        1.0       1.0
             11        1.0       1.0
             12        1.0       1.0
             13        1.0       1.0
             14        1.0       1.0
             15        1.0       1.0
             16        1.0       1.0
             17        1.0       1.0
             18        1.0       1.0
             19        1.0       1.0
             20        1.0       1.0
             21        1.0       1.0
             22        1.0       1.0
             23        1.0       1.0
             24        1.0       1.0
             25        1.0       1.0
             26        1.0       1.0
             27        1.0       1.0
             28        1.0       1.0
             29        1.0       1.0
             30        1.0       1.0
             31        1.0       1.0
             32        1.0       1.0
             33        1.0       1.0
             34        1.0       1.0
             35        1.0       1.0
             36        1.0       1.0
             37        1.0       1.0
             38        1.0       1.0
             39        1.0       1.0
             40        1.0       1.0
             41        1.0       1.0
             42        1.0       1.0
             43        1.0       1.0
             44        1.0       1.0
             45        1.0       1.0
             46        1.0       1.0
             47        1.0       1.0
             48        1.0       1.0
             49        1.0       1.0
             50        1.0       1.0
             51        1.0       1.0
             52        1.0       1.0
             53        1.0       1.0
             54        1.0       1.0
             55        1.0       1.0
             56        1.0       1.0
             57        1.0       1.0
             58        1.0       1.0
             59        1.0       1.0
             60        1.0       1.0
             61        1.0       1.0
             62        1.0       1.0
             63        1.0       1.0
             64        1.0       1.0
             65        1.0       1.0
             66        1.0       1.0
             67        1.0       1.0
             68        1.0       1.0
             69        1.0       1.0
             70        1.0       1.0
             71        1.0       1.0
             72        1.0       1.0
             73        1.0       1.0
             74        1.0       1.0
             75        1.0       1.0
             76        1.0       1.0
             77        1.0       1.0
             78        1.0       1.0
             79        1.0       1.0
             80        1.0       1.0
             81        1.0       1.0
             82        1.0       1.0
             83        1.0       1.0
             84        1.0       1.0
             85        1.0       1.0
             86        1.0       1.0
             87        1.0       1.0
             88        1.0       1.0
             89        1.0       1.0
             90        1.0       1.0            
             91        1.0       1.0
             92        1.0       1.0
             93        1.0       1.0
             94        1.0       1.0
             95        1.0       1.0
             96        1.0       1.0
             97        1.0       1.0
             98        1.0       1.0
             99        1.0       1.0
            100        1.0       1.0
            101        1.0       1.0
            102        1.0       1.0
            103        1.0       1.0
            104        1.0       1.0
            105        1.0       1.0
            106        1.0       1.0
            107        1.0       1.0
            108        1.0       1.0
            109        1.0       1.0
            110        1.0       1.0 
            111        1.0       1.0
            112        1.0       1.0
            113        1.0       1.0
            114        1.0       1.0
            115        1.0       1.0
            116        1.0       1.0
            117        1.0       1.0
            118        1.0       1.0
            119        1.0       1.0
            120        1.0       1.0
            121        1.0       1.0
      VELC
