 Example 9.1 - potential flow over a cylinder
  0  2  37  25  4  100  75  0
         1  .10  1.00 0.00  1.0   1.0   0
         1   0.00000   0.00000
         2   0.00000   2.00000
         3   0.00000   4.00000
         4   0.00000   6.00000
         5   0.00000   8.00000
         6   2.00000   0.00000
         7   2.00000   2.00000
         8   2.00000   4.00000
         9   2.00000   6.00000
        10   2.00000   8.00000
        11   4.00000   0.00000
        12   4.00000   2.00000
        13   4.00000   4.00000
        14   4.00000   6.00000
        15   4.00000   8.00000
        16   6.00000   0.00000
        17   6.00000   2.00000
        18   6.00000   4.00000
        19   6.00000   6.00000
        20   6.00000   8.00000
        21   8.00000   0.00000
        22   8.54000   2.00000
        23   8.50000   4.00000
        24   8.25000   6.00000
        25   8.15000   8.00000
        26   9.60000   3.20000
        27   9.50000   4.80000
        28   9.40000   6.40000
        29   9.30000   8.00000
        30  10.75000   3.80000
        31  10.72000   5.30000
        32  10.70000   6.60000
        33  10.67000   8.00000
        34  12.00000   4.00000
        35  12.00000   5.40000
        36  12.00000   6.80000
        37  12.00000   8.00000
    1     .00   10.00   10.00     4    9   10    5
    8     .00   10.00   10.00     3    8    9    4
   15     .00   10.00   10.00     2    7    8    3
   22     .00   10.00   10.00     1    6    7    2
    2     .00   10.00   10.00     9   14   15   10
    9     .00   10.00   10.00     8   13   14    9
   16     .00   10.00   10.00     7   12   13    8
   23     .00   10.00   10.00     6   11   12    7
    3     .00   10.00   10.00    14   19   20   15
   10     .00   10.00   10.00    13   18   19   14
   17     .00   10.00   10.00    12   17   18   13
   24     .00   10.00   10.00    11   16   17   12
    4     .00   10.00   10.00    19   24   25   20
   11     .00   10.00   10.00    18   23   24   19
   18     .00   10.00   10.00    17   22   23   18
   25     .00   10.00   10.00    16   21   22   17
    5     .00   10.00   10.00    24   28   29   25
   12     .00   10.00   10.00    23   27   28   24
   19     .00   10.00   10.00    22   26   27   23
    6     .00   10.00   10.00    28   32   33   29
   13     .00   10.00   10.00    27   31   32   28
   20     .00   10.00   10.00    26   30   31   27
    7     .00   10.00   10.00    32   36   37   33
   14     .00   10.00   10.00    31   35   36   32
   21     .00   10.00   10.00    30   34   35   31
             34       40.00
             35       40.00
             36       40.00
             37       40.00
      DIRC
            -5.00       1    1
            -5.00       8    1
            -5.00      15    1
            -5.00      22    1
      FLUX
      CONV
      VELC
