  Example 9.3 - aquifer
    1   2  41  28   4  20000  10000    0
    1 100.000  1.0000  0.0000  1.0000  1.0000    0
         1        0.000    0.00
         2        0.000  300.00
         3        0.000  500.00
         4        0.000  700.00
         5        0.000 1000.00
         6      500.000    0.00
         7      500.000  300.00
         8      500.000  500.00
         9      500.000  700.00
        10      500.000 1000.00
        11     1000.000    0.00
        12     1000.000  300.00
        13     1000.000  500.00
        14     1000.000  700.00
        15     1000.000 1000.00
        16     1500.000    0.00
        17     1500.000  300.00
        18     1500.000  500.00
        19     1500.000  700.00
        20     1500.000 1000.00
        21     2300.000    0.00
        22     2300.000  300.00
        23     2300.000  500.00
        24     2300.000  700.00
        25     2300.000 1000.00
        26     3300.000    0.00
        27     3300.000  300.00
        28     3300.000  500.00
        29     3300.000  700.00
        30     3300.000 1000.00
        31     4000.000    0.00
        32     4000.000  300.00
        33     4000.000  500.00
        34     4000.000  700.00
        35     4000.000 1000.00
        36     4500.000  500.00
        37     4500.000  700.00
        38     4500.000 1000.00
        39     5000.000  500.00
        40     5000.000  700.00
        41     5000.000 1000.00
    1     .000  10.000  10.000      1    6    7    2
    2     .000  10.000  10.000      2    7    8    3
    3     .000  10.000  10.000      3    8    9    4
    4     .000  10.000  10.000      4    9   10    5
    5     .000  10.000  10.000      6   11   12    7
    6    0.000  10.000  10.000      7   12   13    8
    7    0.000  10.000  10.000      8   13   14    9
    8     .000  10.000  10.000      9   14   15   10
    9     .000  10.000  10.000     11   16   17   12
   10    0.000  10.000  10.000     12   17   18   13
   11    0.000  10.000  10.000     13   18   19   14
   12     .000  10.000  10.000     14   19   20   15
   13     .000  10.000  10.000     16   21   22   17
   14     .000  10.000  10.000     17   22   23   18
   15     .000  10.000  10.000     18   23   24   19
   16     .000  10.000  10.000     19   24   25   20
   17     .000  10.000  10.000     21   26   27   22
   18     .000  10.000  10.000     22   27   28   23
   19     .000  10.000  10.000     23   28   29   24
   20     .000  10.000  10.000     24   29   30   25
   21     .000  10.000  10.000     26   31   32   27
   22     .000  10.000  10.000     27   32   33   28
   23     .000  10.000  10.000     28   33   34   29
   24     .000  10.000  10.000     29   34   35   30
   25     .000  10.000  10.000     33   36   37   34
   26     .000  10.000  10.000     34   37   38   35
   27     .000  10.000  10.000     36   39   40   37
   28     .000  10.000  10.000     37   40   41   38
             39      100.00
             40      100.00
             41      100.00
              1      100.00
              2      100.00
              3      100.00
              4      100.00
              5      100.00
             13       -2.50
      DIRC
      FLUX
      CONV
      VELC
