  Table5.6
  1  2   9  4  4  100  50  0
  2  .10  1.00 0.00  1.0  1.0  0
         1   0.00000   0.00000
         2   0.00000   0.50000
         3   0.00000   1.00000
         4   1.00000   0.00000
         5   1.00000   0.50000
         6   1.00000   1.00000
         7   2.00000   0.00000
         8   2.00000   0.50000
         9   2.00000   1.00000
    1     .00   1.00   1.00     1    4    5    2
    2     .00   1.00   1.00     4    7    8    5
    3     .00   1.00   1.00     2    5    6    3
    4     .00   1.00   1.00     5    8    9    6
              7       10.00
              8       10.00
              9       10.00
      DIRC
            -1.0        1    1
            -1.0        3    1 
      FLUX
      CONV
      VELC
