  Table5.7
  1  2  12  6  4  100  50  0
  2  .01  1.00 0.00  1.0  1.0  0
         1   0.00000   0.00000
         2   0.00000   0.50000
         3   0.00000   1.00000
         4   0.33333   0.00000
         5   0.33333   0.50000
         6   0.33333   1.00000
         7   0.66667   0.00000
         8   0.66667   0.50000
         9   0.66667   1.00000
        10   1.00000   0.00000
        11   1.00000   0.50000
        12   1.00000   1.00000
    1     .00   15.00   15.00     1    4    5    2
    2     .00   15.00   15.00     4    7    8    5
    3     .00   15.00   15.00     7   10   11    8
    4     .00   15.00   15.00     2    5    6    3
    5     .00   15.00   15.00     5    8    9    6
    6     .00   15.00   15.00     8   11   12    9
              1     1000.00
              2     1000.00
              3     1000.00
      DIRC
      FLUX
           120.00   1500.00       1    4   
           120.00   1500.00       2    4
           120.00   1500.00       3    3
           120.00   1500.00       3    4
           120.00   1500.00       4    2
           120.00   1500.00       5    2
           120.00   1500.00       6    2
           120.00   1500.00       6    3
      CONV
      VELC
