 test of the 2-d linear quadrilateral
  1  2  25  16  4  100  50  0
         2  .10  1.00 0.00  1.0  1.0  0
         1   0.00000   0.00000
         2   0.00000   0.25000
         3   0.00000   0.50000
         4   0.00000   0.75000
         5   0.00000   1.00000
         6   0.25000   0.00000
         7   0.25000   0.25000
         8   0.25000   0.50000
         9   0.25000   0.75000
        10   0.25000   1.00000
        11   0.50000   0.00000
        12   0.50000   0.25000
        13   0.50000   0.50000
        14   0.50000   0.75000
        15   0.50000   1.00000
        16   0.75000   0.00000
        17   0.75000   0.25000
        18   0.75000   0.50000
        19   0.75000   0.75000
        20   0.75000   1.00000
        21   1.00000   0.00000
        22   1.00000   0.25000
        23   1.00000   0.50000
        24   1.00000   0.75000
        25   1.00000   1.00000
    1     .00   15.00   15.00     1    6    7    2
    2     .00   15.00   15.00     2    7    8    3
    3     .00   15.00   15.00     3    8    9    4
    4     .00   15.00   15.00     4    9   10    5
    5     .00   15.00   15.00     6   11   12    7
    6     .00   15.00   15.00     7   12   13    8
    7     .00   15.00   15.00     8   13   14    9
    8     .00   15.00   15.00     9   14   15   10
    9     .00   15.00   15.00    11   16   17   12
   10     .00   15.00   15.00    12   17   18   13
   11     .00   15.00   15.00    13   18   19   14
   12     .00   15.00   15.00    14   19   20   15
   13     .00   15.00   15.00    16   21   22   17
   14     .00   15.00   15.00    17   22   23   18
   15     .00   15.00   15.00    18   23   24   19
   16     .00   15.00   15.00    19   24   25   20
              1     1000.00
              2     1000.00
              3     1000.00
              4     1000.00
              5     1000.00
      DIRC
      FLUX
           120.00   1500.00       1    4
           120.00   1500.00       4    2
           120.00   1500.00       5    4
           120.00   1500.00       8    2
           120.00   1500.00       9    4
           120.00   1500.00      12    2
           120.00   1500.00      13    3
           120.00   1500.00      13    4
           120.00   1500.00      16    2
           120.00   1500.00      16    3
      CONV
      VELC
