 test of the 2-d quadratic quadrilateral
  1  2  21   4  8  100  50  0
         2  .10  1.00 0.00  1.0   1.0  0
         1   0.00000   0.00000
         2   0.00000   0.25000
         3   0.00000   0.50000
         4   0.00000   0.75000
         5   0.00000   1.00000
         6   0.25000   0.00000
         7   0.25000   0.50000
         8   0.25000   1.00000
         9   0.50000   0.00000
        10   0.50000   0.25000
        11   0.50000   0.50000
        12   0.50000   0.75000
        13   0.50000   1.00000
        14   0.75000   0.00000
        15   0.75000   0.50000
        16   0.75000   1.00000
        17   1.00000   0.00000
        18   1.00000   0.25000
        19   1.00000   0.50000
        20   1.00000   0.75000
        21   1.00000   1.00000
    1     .00   15.00   15.00     1    6    9   10   11    7    3    2
    2     .00   15.00   15.00     3    7   11   12   13    8    5    4
    3     .00   15.00   15.00     9   14   17   18   19   15   11   10
    4     .00   15.00   15.00    11   15   19   20   21   16   13   12
              1     1000.00
              2     1000.00
              3     1000.00
              4     1000.00
              5     1000.00
      DIRC
      FLUX
           120.00   1500.00       1    4
           120.00   1500.00       2    2
           120.00   1500.00       3    3
           120.00   1500.00       3    4
           120.00   1500.00       4    2
           120.00   1500.00       4    3
      CONV
      VELC
