  Table5.8
  1  2   9  4  4  100  50  0
  2  .10  1.00 0.00  1.0  1.0  0
         1   0.00000   0.00000
         2   0.00000   0.50000
         3   0.00000   1.00000
         4   0.50000   0.00000
         5   0.50000   0.50000
         6   0.50000   1.00000
         7   1.00000   0.00000
         8   1.00000   0.50000
         9   1.00000   1.00000
    1    2.00   1.00   1.00     1    4    5    2
    2    2.00   1.00   1.00     4    7    8    5
    3    2.00   1.00   1.00     2    5    6    3
    4    2.00   1.00   1.00     5    8    9    6
              3        0.00
              6        0.00
              7        0.00
              8        0.00
              9        0.00
      DIRC
      FLUX
      CONV
      VELC
