      linear element
   0    1    13   12    2  400  100    0
    2   .1000  1.0000   .0000  1.0000  1.0000   0
         1   .0000
         2   .1000
         3   .2000
         4   .3000
         5   .4000
         6   .5000
         7   .6000
         8   .7000
         9   .8000
        10   .9000
        11  1.0000
        12  1.1000
        13  1.2000
   1    .000   15.000     1   2
   2    .000   15.000     2   3
   3    .000   15.000     3   4
   4    .000   15.000     4   5
   5    .000   15.000     5   6
   6    .000   15.000     6   7
   7    .000   15.000     7   8
   8    .000   15.000     8   9
   9    .000   15.000     9  10
  10    .000   15.000    10  11
  11    .000   15.000    11  12
  12    .000   15.000    12  13
              1      120.00000
             13         .00000
      DIRC
      FLUX
      CONV
